Nodes Loaded
Graph Loaded
BeamNG Nodes Loaded
Graph Degree
Lanes Loaded
Width Loaded
21411044 4
<dict_keyiterator object at 0x000002553FAE0D18>
collision point
(238.3661111035354, 143.5862116131506)
('3307782364', (48.1572798, 11.5198226), 0, 0)
('2709501311', (48.1572798, 11.5198226), 0, 0)
('2709429343', (48.1572798, 11.5198226), 0, 0)
('2709429356', (48.1572798, 11.5198226), 0, 0)
[('21411044', '3307782364'), ('21411044', '2709501311'), ('21411044', '2709429343'), ('21411044', '2709429356')]
4 way
[238.3661111035354, 143.5862116131506] [229.15310587703212, 283.36955136311946]
140.08662154880744
4 way
[238.3661111035354, 143.5862116131506] [241.67448496105328, 72.47695557154299]
71.1861758515796
4 way
[238.3661111035354, 143.5862116131506] [297.12312752432666, 146.9554226495498]
58.853534827408026
4 way
[238.3661111035354, 143.5862116131506] [167.94818950928035, 139.4497544987762]
70.539307900728
random population
[[5, 6, 7, 2, 5, 5, 8, 8, 7, 5, 4, 2, 4, 7], [1, 1, 3, 7, 8, 3, 6, 3, 0, 3, 4, 7, 0, 2], [7, 0, 8, 0, 8, 6, 1, 4, 6, 4, 6, 8, 7, 6], [6, 7, 3, 0, 2, 5, 6, 5, 2, 7, 6, 3, 4, 2], [6, 4, 1, 1, 5, 7, 4, 1, 4, 0, 5, 8, 5, 5]]
[5, 6, 7, 2, 5, 5, 8, 8, 7, 5, 4, 2, 4, 7]
decoding of parameters
(193.11492681988577, 141.4665113156039)
(56, (241.08724609554653, 93.53852803928368), 58, (193.11492681988577, 141.4665113156039), (239.0, 143.0))
striker angle
-87.58049078334366
victim angle
-176.77547739348012
damage extraction
FL
FR
0.25
Distance Extraction
41.81786726996881
84.18408899253733
rotation extraction
0.3
0.3
multiObjectiveFitnessScore
(0, 1.0)
(0, 0)
(0.3, 0)
1.3
critical scenario
{'chromosome': [5, 6, 7, 2, 5, 5, 8, 8, 7, 5, 4, 2, 4, 7], 'v1_speed': 56, 'v1_waypoint': (241.08724609554653, 93.53852803928368), 'v2_speed': 58, 'v2_waypoint': (193.11492681988577, 141.4665113156039), 'striker_damage': 0, 'victim_damage': 1.0, 'striker_distance': 0, 'victim_distance': 0, 'striker_rotation': 0.3, 'victim_rotation': 0, 'fitness_value': 1.3}
[1, 1, 3, 7, 8, 3, 6, 3, 0, 3, 4, 7, 0, 2]
decoding of parameters
(176.15449752826754, 142.50148983800094)
(11, (240.53140403520962, 83.09010450003886), 36, (176.15449752826754, 142.50148983800094), (239.0, 143.0))
striker angle
-87.58049078334366
victim angle
-176.77547739348012
damage extraction
Distance Extraction
11.781465368051752
177.15187551105353
rotation extraction
0.3
0.3
multiObjectiveFitnessScore
(0, 0)
(0.3, 0)
(0.3, 0)
0.6
[7, 0, 8, 0, 8, 6, 1, 4, 6, 4, 6, 8, 7, 6]
decoding of parameters
(180.77815157941097, 139.7762338917978)
(70, (239.98681953558838, 95.97860432440834), 61, (180.77815157941097, 139.7762338917978), (239.0, 143.0))
striker angle
-87.58049078334366
victim angle
-176.77547739348012
damage extraction
Distance Extraction
161.05404300530964
204.18957989604283
rotation extraction
0.3
0.3
multiObjectiveFitnessScore
(0, 0)
(0, 0)
(0.3, 0)
0.3
[6, 7, 3, 0, 2, 5, 6, 5, 2, 7, 6, 3, 4, 2]
decoding of parameters
(182.74404828363797, 142.87273213407815)
(67, (242.61827435287967, 80.9075449162855), 56, (182.74404828363797, 142.87273213407815), (239.0, 143.0))
striker angle
-87.58049078334366
victim angle
-176.77547739348012
damage extraction
Distance Extraction
83.60733487086499
75.32351860641191
rotation extraction
0.3
0.3
multiObjectiveFitnessScore
(0, 0)
(0, 0)
(0.3, 0)
0.3
[6, 4, 1, 1, 5, 7, 4, 1, 4, 0, 5, 8, 5, 5]
decoding of parameters
(171.1933504806903, 139.23624509750368)
(64, (241.8597961996604, 75.25484224192232), 74, (171.1933504806903, 139.23624509750368), (239.0, 143.0))
striker angle
-87.58049078334366
victim angle
-176.77547739348012
damage extraction
Distance Extraction
29.658776634149778
26.097566619377115
rotation extraction
0.3
0.3
multiObjectiveFitnessScore
(0, 0)
(0, 0)
(0.3, 0)
0.3
Press enter when done...